62
72
14
22
28
19
20
18
20
18
12
15
16
15
11
13
13
12
8
6
4
5
1
1
2
0
0
0
0
0
0
0
0
0
0
0
0
0
0
0
0
0
0
0
0
0
0
0
0
0
0
2
2
3
2
12
10
14
15
10
12
15
12
13
13
11
10
13
14
15
15
12
11
14
11
3
2
4
5
5
5
7
6
12
4
5
1
2
0
0
0
0
1
2
2
1
1
0
0
0
1
1
2
2
1
0
2
1
2
2
0
7
12
9
4
7
5
5
5
5
5
6
4
4
7
8
9
8
9
9
9
6
7
5
2
4
3
5
5
4
7
6
4
7
5
12
8
9
9
10
6
3
4
3
8
9
10
10
8
12
4
4
8
11
7
3
5
5
8
7
7
5
4
3
1
2
2
3
3
5
0
5
7
7
8
7
9
3
4
0
0
0
0
0
0
0
0
0
0
2
4
5
0
0
0
0
0
0
0
0
3
2
6
4
4
6
2
4
4
4
7
3
5
3
4
2
2
1
1
3
4
4
7
13
14
11
11
11
11
9
8
5
4
9
11
11
13
12
12
15
10
8
5
3
6
6
0
0
2
4
1
1
1
1
0
0
0
0
0
0
0
0
1
2
3
2
0
0
0
2
3
1
1
1
1
0
0
0
4
5
6
4
6
10
9
8
5
6
7
8
8
6
8
3
6
7
9
5
6
9
8
5
2
2
0
2
5
7
3
3
2
0
0
0
1
1
0
0
0
0
0
1
0
0
0
1
2
1
1
4
0
0
2
0
0
0
0
0
0
0
0
0
0
0
0
0
0
0
0
0
0
0
2
2
5
6
7
7
2
8
7
7
3
3
2
0
0
0
0
0
1
0
0
1
1
0
1
1
0
3
0
5
4
8
9
10
9
8
7
4
6
6
7
7
6
5
4
2
4
4
4
2
5
1
4
3
2
2
2
3
5
5
7
5
5
8
4
2
0
3
3
8
6
4
1
2
0
8
5
1
3
3
1
1
2
2
1
2
0
0
0
2
8
6
10
7
5
7
2
2
4
2
5
2
7
4
6
1
5
3
2
1
2
0
1
2
3
4
5
6
12
10
10
12
15
15
6
7
4
5
6
9
4
4
2
7
0
0
1
